rolling-resistance = 1.3e-2, 6.5e-6
restitution = 0.1
tread = 0.25
R0=0.28
W0=0.20
AR0=0.45
PT0=2.2
FZ0=4500
# Lateral force
PCY1=1.276800
PDY1=1.375000
PDY2=-0.128100
PDY3=1.020000
PEY1=-1.399000
PEY2=-0.074900
PEY3=0.178900
PEY4=-8.250000
PKY1=-17.360000
PKY2=2.294000
PKY3=-0.110400
PHY1=0.001700
PHY2=0.003900
PHY3=0.039900
PVY1=0.006900
PVY2=0.018700
PVY3=-0.061600
PVY4=-0.098100
# Longitudinal force
PCX1=1.378800
PDX1=1.546800
PDX2=-0.185200
PEX1=-0.210900
PEX2=-1.500100
PEX3=-2.470000
PEX4=-0.907000
PKX1=30.312000
PKX2=23.830000
PKX3=1.016000
PHX1=-0.002300
PHX2=0.001900
PVX1=0.057600
PVX2=-0.028700
# Aligning moment
QBZ1=10.480000
QBZ2=-2.050000
QBZ3=6.100000
QBZ4=0.392000
QBZ5=-0.012800
QCZ1=1.189000
QDZ1=0.114100
QDZ2=0.004800
QDZ3=0.125800
QDZ4=-1.109000
QEZ1=-2.889000
QEZ2=-0.835000
QEZ3=3.715000
QEZ4=0.153000
QEZ5=1.330000
QHZ1=0.000200
QHZ2=0.001000
QHZ3=0.126100
QHZ4=0.019200
QBZ9=17.870000
QBZ10=5.660000
QDZ6=-0.000500
QDZ7=0.000200
QDZ8=-0.188400
QDZ9=0.004100
# Lateral/longitudinal combined
RBY1=11.140000
RBY2=10.140000
RBY3=-0.015500
RCY1=1.039000
RHY1=0.003100
RVY1=-1.485000
RVY2=-4.425000
RVY3=0.681000
RVY4=10.730000
RVY5=-0.202000
RVY6=0.083500
RBX1=24.860000
RBX2=22.440000
RCX1=1.005000
RHX1=0.003400
