# Hankook 205/65R15 6.0J K406 RE 2.2bar
rolling-resistance = 1.3e-2, 6.5e-6
restitution = 0.1
tread = 0.25
FZ0 = 4500
# Lateral force
PCY1 = 1.27676
PDY1 = 0.9327755
PDY2 = -0.128085
PDY3 = 1.019803
PEY1 = -1.39934
PEY2 = -0.074863
PEY3 = 0.17886
PEY4 = -8.252847
PKY1 = -17.361823
PKY2 = 2.2938964
PKY3 = -0.110362
PHY1 = 0.0016966
PHY2 = 0.0038829
PHY3 = 0.0398737
PVY1 = 0.0069311
PVY2 = 0.0186856
PVY3 = -0.061575
PVY4 = -0.098064
# Longitudinal force
PCX1 = 1.3970897
PDX1 = 1.1020679
PDX2 = -0.185241
PEX1 = -0.459255
PEX2 = -1.499501
PEX3 = -2.469645
PEX4 = -0.906741
PKX1 = 38.5031
PKX2 = 2.03196
PKX3 = -0.591086
PHX1 = -0.00227143
PHX2 = 0.00193555
PVX1 = 0.0575923
PVX2 = -0.0287496
# Aligning moment
QBZ1 = 10.47871
QBZ2 = -2.04739
QBZ3 = 6.09958
QBZ4 = 0.39191
QBZ5 = -0.01279
QCZ1 = 1.18899
QDZ1 = 0.11411
QDZ2 = 0.00479
QDZ3 = 0.12582
QDZ4 = -1.10927
QEZ1 = -2.88862
QEZ2 = -0.83490
QEZ3 = 3.71462
QEZ4 = 0.15337
QEZ5 = 1.33032
QHZ1 = 0.00024
QHZ2 = 0.00102
QHZ3 = 0.12610
QHZ4 = 0.01917
QBZ9 = 17.87469
QBZ10 = 5.66140
QDZ6 = -0.00049
QDZ7 = 0.00025
QDZ8 = -0.18840
QDZ9 = 0.00415
# Lateral combined
RBY1 = 11.14388
RBY2 = 10.14162
RBY3 = -0.015481
RCY1 = 1.038732
RHY1 = 0.0031137
RVY1 = -1.485137
RVY2 = -4.425144
RVY3 = 0.680957
RVY4 = 10.72882
RVY5 = -0.201998
RVY6 = 0.083549
# Longitudinal combined
RBX1 = 24.8565
RBX2 = 22.43545
RCX1 = 1.00542
RHX1 = 0.00344